# Created by Octave 4.0.0, Mon Apr 30 11:56:57 2018 CDT <leasanspy@leasanspy-Inspiron-5521>
# name: S_e11
# type: matrix
# rows: 800
# columns: 1
 0.001970943659209397
 -0.003520168151136492
 0.007867245155052509
 -0.01894365408860524
 0.07813722676725049
 0.1255586443366354
 -0.1804990881633603
 0.0616615024082875
 -0.1091815039070448
 -0.03286662788220625
 -0.04734060097399927
 -0.007014718716503324
 0.07344434125435716
 -0.06093134967170933
 -0.01767088906739462
 0.0137153590020297
 -0.01020611632402469
 -0.02345875457452903
 0.1837489695157649
 0.1306090663642033
 0.03394375562651917
 0.07613333544313654
 -0.07680776882366103
 -0.03331833940251699
 -0.09311400109142501
 -0.06739597527072023
 -0.1011751221834724
 0.04901433313319627
 0.0497216054375733
 -0.04765359717449441
 -0.01724858493609807
 0.05288111854578072
 0.005828445149190312
 -0.01925558722343403
 -0.009477918128130772
 0.02040575262332971
 -0.0003315009538485328
 0.02867610594567444
 0.03051929893906475
 -0.06958014391546982
 0.05837329779283693
 0.01441552937215352
 -0.04032823604867299
 -0.0738768368948413
 0.06329607570099206
 -0.1075301074649852
 0.004471372586308913
 0.002140956047239182
 0.002634478195445497
 0.06377721483611838
 9.887587995509164e-05
 0.06885005216989266
 0.03262142489834542
 0.02277975585898908
 0.03223486318341214
 -0.030951014375398
 -0.01083561816279847
 -0.04447964102342942
 -0.07696115815029256
 -0.04838604937504965
 0.02252887733905054
 -0.01730234477578178
 0.06443265958532253
 0.04910342555073897
 0.02705987083681797
 -0.007333303837354958
 0.01719318697695815
 -0.03364717129220958
 -0.01188388425236617
 -0.0172614690085882
 0.02163479339561873
 0.008226899764612813
 -0.01343677064229122
 -0.01270484866438281
 -0.02530612656515571
 -0.02313714146921055
 0.01103414829195196
 -0.01476767748723744
 0.006215876239437285
 0.0194495171228412
 0.00682218656348366
 0.01341567290781451
 0.01034323865415785
 -0.01246996879210534
 0.02018420118407589
 -0.01557716781451698
 0.00192412699880594
 -0.003141209672249531
 -0.003315643394754163
 0.01200550282982987
 -0.01910274439140379
 0.001150461150020347
 -0.007253418886510984
 0.001632992857435515
 -0.003882447326412638
 0.003490734115688372
 0.006811889824232273
 0.01787443554002443
 0.0140201298162991
 0.002884833429792337
 0.007392570019502515
 -0.01050225067460579
 -0.008057903693930555
 -0.009304212153354854
 -0.01312171628429534
 -0.005816599627941703
 0.003387064905691062
 0.002423325716685084
 -0.00387963967733874
 0.006604912974462644
 -0.001434564985827698
 0.01501134879222481
 0.002043947478504252
 0.01149817807794543
 -9.47820134700951e-05
 -0.008379840114504754
 -0.009196622188054348
 -0.01398534149723328
 -0.009476983252644009
 -0.005461512914275962
 0.006230314111613127
 0.007035757869071515
 0.009200884510269432
 0.006630918987985767
 0.003543292970392033
 -0.003957635850429035
 -0.003070921572166923
 -0.006059864835824177
 -0.001912929018923268
 -0.004454087760899356
 -0.0008175186876570237
 0.002462641906181313
 0.005916829457659646
 0.0006580903031817565
 0.004767168913138338
 -0.003972486168638033
 0.000159520543501692
 -0.003605857958825428
 -0.0004932770674586254
 -0.001348775838586517
 0.005512339568819686
 0.003203873873138381
 0.004656858748682102
 0.00513808821086995
 0.0005612213152771106
 -0.0006940735008967947
 -0.003104785296443893
 -0.004418959108315472
 -0.001311092407770605
 -0.005370771496787693
 -0.001666211310972753
 -0.002707925019505608
 0.00119273186555379
 -0.001931913460892083
 0.004767784766109184
 0.00107441648607911
 0.005531623187880815
 0.002170549936736234
 0.003451711470456787
 -0.002808337201257843
 -0.0003585585879632119
 -0.005747425459784217
 -0.002462255966441116
 -0.005203754262647618
 0.001328724482639761
 -0.00204754293180373
 -0.0007387257692454857
 6.523872741555259e-05
 0.003543919254244202
 0.004387334093979747
 0.005568838979788804
 0.001870300392756406
 0.0008653257881920664
 -0.00247298977360804
 -0.00325261022001538
 -0.001503093000302507
 -0.002277885044392893
 -0.002431432994097749
 0.002920192261244132
 0.000137928056875043
 -0.0007436884835627833
 -0.000947836700763209
 -3.429703252922144e-05
 -0.001079881951130801
 0.0002593844664378423
 -0.0001728855141810217
 0.0001942143203156315
 0.0007592535947405278
 0.001174404020920354
 -0.001931685352231058
 0.002433127583092932
 0.00233887083195339
 0.0009522376704519222
 0.002488366507688021
 0.002265647889382025
 -0.003013161622414339
 -0.000975389839084161
 -0.003286532712655048
 -0.003143743765159832
 -0.003179789966047454
 0.0007693103358139149
 0.003121918323512957
 0.001336454754558398
 0.004996046019764834
 0.002714129195908582
 -0.001880982346957576
 -0.0003861809919808371
 -0.003433640535532226
 -0.004822567240854205
 0.0002113868757894053
 -0.0006907696089110936
 0.0002638378908964266
 0.001806839143003259
 0.001109581465671536
 0.001016109234022453
 -0.002893617615415873
 -0.0009461529738204149
 -0.001891284402215326
 -0.0005368161882340365
 -0.000376530645031429
 0.0009980482372900308
 0.0006530726757395636
 0.003021986199131271
 -0.0004146542155916743
 0.001966017295903368
 -0.00221114113181592
 0.001374209207849655
 -0.001802847478247914
 -0.0003789011692686969
 -0.0013738460114316
 0.0007704563040009288
 -0.001050792321895979
 0.001304755664140128
 4.012100630939356e-05
 0.001256261573709677
 0.001404762553161994
 0.00124090537540634
 -0.0008268978778155917
 0.002194232325203669
 2.076187601569769e-05
 0.0007260822434479721
 -0.001343863426058994
 0.001345455248850877
 -0.003572040790392665
 0.0007252674937226009
 -0.004404413712142901
 -0.001333523064630998
 -0.003767581482263122
 0.001938456493324911
 0.0003206452061816545
 0.0008716490321912971
 0.00293325106220677
 0.002720981257292093
 0.0003976502272448408
 0.005735385771501554
 -0.001176836833798746
 -0.0001660648527642605
 -0.001830982834568157
 -0.0001558704128993108
 -0.003331085503373759
 -8.200074722173735e-05
 -0.001361320362791555
 0.001950900598038339
 -0.003428996007418516
 6.966742576487001e-05
 -0.002051953657837157
 0.0002963730273785525
 0.0008987832098057328
 0.0001330680494870554
 0.002191868225429138
 0.002933803307154442
 -0.0004712052857906996
 0.001503873012061556
 0.001061605021280407
 0.0008565790946937129
 -0.0006674320051173304
 -0.0004527170138156941
 -0.001726981532204684
 -0.003066278539908422
 -0.004573279653316146
 0.001260972363200937
 -0.002618007637024457
 0.001785697448414016
 0.001438019392632534
 0.004240284489689479
 0.0005475334639630974
 -0.0008806051604226755
 0.001902064356267168
 -0.001280885887240741
 0.0005978784902876387
 0.001486041841854038
 0.0004899264273368161
 -0.0009499255822870471
 -0.003214969257257815
 8.647458362055065e-05
 -0.001925235131507918
 0.00044430517158767
 -0.001424179605834254
 0.002380353340987173
 0.001652800712093431
 -0.0008716602277960609
 0.0005066209364274201
 0.001898571533664036
 -0.0007524890338107057
 0.003307217481668772
 -0.002651086329286876
 0.001765952786355254
 -0.002729152852251871
 -0.001068357650685072
 -0.002359663913577475
 -0.0001350914591876657
 0.00128589364431243
 0.0005407416435763362
 0.0006558089677010757
 -0.0005953436225027783
 -0.0007768812480955964
 0.0003680527861161755
 5.534997253469612e-05
 0.0003846654131992906
 0.0008338584197847603
 0.00163955238188187
 -0.002446051174776579
 -0.0007238211854874893
 -0.004633280074068396
 0.001099067169913474
 -0.002268512840858441
 0.001297956361436222
 0.003922223797732229
 0.00321350001276226
 0.0004461466016436088
 0.0002764665138260805
 -0.0002823484633918157
 0.0007296897621710695
 -0.001294806146482508
 0.0005025912036434489
 0.001344970422889084
 -0.001355370940269729
 -0.001529072754132874
 -0.0005958126133903907
 -0.001998982115006977
 -0.001454787802096329
 0.001006186544410614
 0.001861405557698617
 -0.0006715145032292651
 0.002290414307194981
 -0.0009056684075942668
 0.001667339869818045
 -0.00153903997407322
 0.0003968696262017598
 -0.002101960864684968
 0.0003102704644946614
