# Created by Octave 4.0.0, Mon Apr 30 11:55:36 2018 CDT <leasanspy@leasanspy-Inspiron-5521>
# name: S_e12
# type: matrix
# rows: 800
# columns: 1
 0.0376857950914086
 -0.04101258367814685
 0.0472547093246844
 -0.05285671980212592
 0.05810262686073035
 0.07887304106148038
 0.09615992622158
 -0.1377116743819104
 0.2140681712582791
 -0.07221094499992577
 -0.534449224281722
 -0.2517040517990318
 0.1190666717753278
 0.1145898457616313
 0.0589522924459608
 0.1650055587908497
 0.05848718506635988
 0.3245355198052708
 0.06726321136374978
 -0.1376335578525762
 0.01157004319854771
 0.0277735174672773
 -0.1735959368889831
 0.07020234132312923
 0.02539095754122767
 -0.06016901581612716
 -0.02700163820593074
 -0.1777957634147998
 0.09258914540940986
 -0.03288070449584687
 -0.004584464322264031
 -0.01895214064196781
 -0.08126687390690056
 0.05894322790421005
 0.01681406031493427
 0.03754082367816949
 0.1328770209320113
 -0.06216538672398243
 0.007798042320400091
 0.04827464761161671
 -0.05810924735431175
 -0.009368826293565306
 -0.04507275267628457
 -0.02225438469559796
 -0.1221728171713488
 0.04033959945130632
 -0.04743973812454607
 0.07220853463250911
 -0.0212969960995956
 0.05323681041344748
 0.07051311163371445
 0.07882330041177066
 0.09570295303493648
 -0.03715650822510168
 -0.0654941023096495
 0.01350708645012557
 -0.01833852385232555
 -0.06195541456727192
 -2.442730838115175e-05
 -0.002387145434857775
 -0.0468317948168285
 0.02100994877177645
 -0.07862954442960937
 0.03948624542300631
 0.01930617422340689
 0.09606604778656302
 0.005452066001605996
 0.08629586411691223
 0.005948853943922761
 -0.03748207827404975
 -0.06715923259042605
 -0.06207988495669108
 -0.06853467018840244
 -0.001726807607400296
 -0.000237822471322393
 0.03506467878035185
 0.03071267656267459
 0.02622271054099043
 0.0003356175807488082
 -0.02445016760990858
 -0.02359613903976187
 0.02104892383150592
 -0.01248424602168268
 0.02747871151133126
 -0.004429024713069137
 0.03183219834096904
 0.01945245499131474
 0.0005971848783393877
 -0.03057875677316469
 -0.0009651067419745226
 -0.02859610061828623
 0.0002502983914986238
 -0.02558232228863464
 0.006400829957506621
 -0.004241891793030394
 0.02812239837055508
 0.0111898273577632
 0.03559313719295441
 -0.01728073929348473
 0.0309920769056259
 0.0004155740985997229
 0.002645145934925371
 -0.02114942099251175
 -0.009604990708019786
 -0.02656865527264789
 -0.01391740810097957
 -0.02172210096123287
 -0.004007429941230747
 0.02814281215626968
 0.01281798735539757
 0.02321216705911041
 0.0101211288282977
 -0.002474701370048931
 -0.001315951943325384
 -0.01513893616203897
 -0.0109935397169229
 -0.01356153762205234
 0.01065323207752625
 -0.003864880706265546
 0.01184354219521469
 -0.007147580012816913
 0.004706077176463513
 -0.002737312711435228
 0.005013994211095542
 4.217143719645978e-05
 0.006438137299767141
 -0.01023298294375792
 0.014557638148521
 -0.01072084335293252
 0.004884421211368348
 -0.003209214044709925
 -0.004856795876355317
 0.001396453870157671
 -0.003609424299492891
 -0.008949262808751433
 0.002781426875275198
 0.009173697010482155
 0.002165755851577328
 0.002402813562772744
 0.00665764135147209
 -0.004030199681693322
 0.006619845225892849
 -0.001258460040705609
 0.006817951496793402
 -0.004892305840805968
 0.005628058513554053
 -0.002500058235541262
 0.003864865123413377
 -0.01249942829974464
 -0.00157990808016325
 -0.02098356305983594
 -0.002461346108839156
 -0.007970393187214169
 0.003019132707451549
 0.009369382882471579
 0.01549854764946421
 0.001021014711485632
 0.01723789518747317
 0.0005929126063476254
 0.002958381829491822
 -0.005161841941454842
 -0.008756511248218435
 -0.01080297127317287
 -0.005671038253699581
 -0.006228796078663407
 0.003030470191891591
 -0.001712186535403409
 0.005418137630934033
 0.0002362186250901819
 0.009883843427362907
 -0.0002374314446946161
 0.007567994627060847
 -0.006510253902898934
 0.008995284226376517
 -0.002862725639691392
 -0.0001946219387272366
 -0.007548513728673453
 -8.052609996917872e-05
 -0.006872457291928695
 0.006046231463701686
 -0.002791457094523993
 0.00437557054536317
 -0.005993936619176021
 0.0004573277007821785
 -0.001585313107236355
 0.0007269668364243793
 -0.004558231713301236
 0.007920984886945795
 0.004534758196279906
 0.005616708018044804
 0.001659817094488698
 0.002526690171748125
 -0.003399244725799323
 0.0002414059222607637
 -0.01090864075446179
 0.0004696798319693301
 -0.006374338694451618
 0.00082179581667538
 -0.008429728515797309
 0.0001504258221145217
 -0.0008104797065810124
 0.008615488139178085
 0.003001768269269632
 0.006107520335885776
 0.001661689840365924
 0.00480370648248956
 -0.00340098024976514
 0.0007232066047030345
 -0.005460800728200934
 -0.0002517400684197625
 -0.006663157902369404
 0.002374615285244033
 -0.002396270738578866
 0.003576719933815946
 -0.006437129970739341
 0.001471953331312059
 0.002683534963085729
 0.005183065852884534
 -0.002944193150622509
 0.004539119787704288
 -0.006739208878760112
 0.0006045337437966789
 -0.004743357366618479
 0.003598081424619332
 -0.003639699429444572
 0.005856310628397121
 -0.0007664201232855128
 0.004380347235792515
 -0.00334402062467557
 0.004365362967998634
 -0.0072310714144588
 -0.002582663548460015
 -0.002574923807626981
 -0.003517365571384282
 -0.001905186551987824
 0.004385483226805133
 -0.001509032973561845
 0.009094647601325509
 0.0002854273549338068
 0.006497008848026561
 -0.006207671383624267
 0.001493903448012243
 -0.009575432472291
 0.003908304158193775
 -0.007236339170273738
 0.00744119993206265
 -0.004812142423000727
 0.004422111996590235
 -0.0006696480240472231
 0.002259935779110496
 -0.003222582080540257
 0.007062792013501001
 -0.001373763537515179
 -0.002271497738026504
 -0.004981269788948624
 -0.0003527794232186784
 -0.008247191687913985
 0.0005684959542514661
 0.0009575423014649229
 0.004396019521606985
 0.002044663379535744
 0.002455665776347265
 -0.002259046888965063
 0.00618889325121643
 -0.01069802440477279
 0.003694523095007731
 -0.006281330580369432
 0.006447149798967627
 -0.00341882524814864
 0.004256442628300956
 -0.003884856916209182
 0.002143906146507167
 -0.0009543123406916948
 0.005925315085076657
 0.001797219690077746
 0.003363312181793894
 0.0004581522613482448
 4.424040441182991e-05
 -0.001533633129237721
 -0.0005881024973992662
 -0.005323535457555715
 -0.001378216574122087
 -0.000591995763079736
 0.0008547890876483401
 0.003091158264023046
 0.00325711475158233
 -0.003347294099735596
 -0.0007341165985678742
 -0.003662141957425392
 0.003387665096449331
 -0.005113868410392642
 0.002435836490333306
 -7.932573684938937e-05
 0.004953114243827104
 -0.005305015585200296
 0.004657526627696382
 -0.006719622859398658
 9.360419649996163e-05
 -0.00535090406593606
 0.001915221206408597
 -0.001291508507434692
 0.003603410064705193
 -0.003496041853775426
 -0.0004771151406458037
 -0.002592916162625275
 0.002046828739921909
 -0.005650823296375837
 0.00061364170236708
 0.0003389244880275684
 0.006860469643231528
 -0.003410915804073128
 0.003074958693830106
 -0.00572821091652126
 -0.002654023332249748
 -0.005617989802592303
 -0.003692736795437289
 -0.006044478761417686
 0.003258671426474547
 0.002103316152558557
 0.007750934017442376
 0.0007642846470587007
 0.0005799338679976168
 -0.008365235206365134
 0.002220566857762036
 -0.00646615218931746
 0.003154788370305293
 -0.003818461278386888
 0.005968512817997069
 -0.003355698500468718
 0.003606518756042565
 -0.005666151307513696
 0.002195189362873613
 -0.004530837965656081
 0.002067356030728546
 -0.001851082840561024
 0.006807547066326405
 0.0002741538683553181
 -0.002811297027850863
 -0.0004537561378806032
 0.0005535615212702376
 -0.006025003621522765
 0.004545654758136395
 -0.0006615473817352184
 0.004149758109412937
 5.101086421295177e-06
 0.004000500264710609
 -0.005727739385391827
 0.005731918908834814
 -0.006971734812178578
 0.002347423688198227
 -0.001653368920086238
 0.001099627627734107
 -0.001089360107225632
 0.001998379270336334
