# Created by Octave 4.0.0, Mon Apr 30 11:59:20 2018 CDT <leasanspy@leasanspy-Inspiron-5521>
# name: S_e21
# type: matrix
# rows: 800
# columns: 1
 0.02127486643598711
 -0.02322281192802202
 0.02418944571032233
 -0.03668760305617562
 0.04475540165964024
 0.05931814999417984
 0.0522367604378447
 -0.08856603738062797
 0.1418324263197195
 -0.0377578549673401
 -0.328139665131667
 -0.1262918339145099
 -0.02685694930148452
 0.09331272713204296
 0.01750237225815391
 0.08482046140058445
 0.04855742718599226
 0.1993320609172985
 0.08109611940028806
 -0.06392631376022814
 0.05197036773028418
 0.006108316985015586
 -0.08806900307820174
 0.0518935061577542
 -0.05916619156155029
 0.01663703279559462
 -0.0243013757691141
 -0.138501633436522
 0.05422971928775602
 -0.02605774035899359
 -0.001806686782915632
 -0.0001958684529700226
 -0.06863167363502978
 0.03825202196905118
 0.01430994511304551
 0.02768400513637901
 0.06770010599848948
 -0.03785772365419492
 0.03593667560168343
 0.01503823420437576
 -0.0238138341998038
 -0.01329249503446418
 -0.008147081834601685
 -0.03299253059017321
 -0.08571647740650964
 0.03712106136790438
 -0.05558109831764118
 0.03414199092180076
 -0.02053860653720052
 0.02218265824454872
 0.06036723461115909
 0.09615196167998921
 0.0002765187114942042
 0.02991324845593009
 -0.01275726655530296
 -0.02525294389211307
 -0.007030533578663579
 -0.04431617907293902
 -0.0002552023663121328
 -0.008151486247634381
 -0.03638891727155762
 -0.002478108465647335
 -0.0248891666715132
 0.01153922303985074
 0.0220850934140587
 0.031735191098356
 0.04474295439103774
 0.04279872032542631
 -0.008200389273228368
 0.005036046866981974
 -0.04375546119322534
 -0.04480062418326664
 -0.03980807938303489
 -0.009236445739101118
 -0.008833177419031415
 0.04092086610045381
 -0.01122222731963043
 0.006460224890519223
 0.01798800237142396
 -0.01500685657518337
 -0.02461682910263793
 0.01771471869506681
 -0.002636912137138913
 0.01207837285091818
 -0.001691707635061249
 0.01459335158078892
 0.03300456439964605
 -0.02361679930956657
 0.01316090673561691
 -0.0165418809902159
 -0.01451151094140331
 0.002992411729565326
 -0.02424442427470153
 0.0004966607895643406
 0.00478928103990326
 0.004298119998776347
 0.01809123439233722
 0.01621014503953151
 -0.01082000768574887
 0.02771957147067172
 -0.00250342340330903
 0.00475695416986407
 -0.01485909679799334
 -0.001358461185372773
 -0.01458096084458123
 -0.01246620248689924
 -0.0008881985352022171
 -0.01537203569275952
 0.01379294351663843
 0.007776108135291494
 0.009010625816961913
 0.005904287186441934
 0.000422464034647176
 0.003940444432955011
 -0.00659530874307578
 -0.008428247917960719
 -0.003104430322181632
 -0.006169601071847385
 0.01176242931163007
 -0.004763954039735773
 -0.005600524528572605
 0.006096293195518489
 -0.0006278123264602319
 -0.0006062004769575137
 0.001025710152734345
 0.003333317417066445
 -0.005009400407424166
 0.006834896531198226
 -0.005771776774903336
 -0.002710029878060582
 -0.0009309827783390161
 0.004522518970713835
 -0.002684484023325389
 0.0006805321098799327
 -0.00549782791838237
 0.004131913764510124
 -3.03213689689538e-05
 0.002937848690371489
 0.00607709406542462
 -0.002282684300210371
 0.005462080160823373
 -0.0001803810269342168
 0.00540623075051764
 0.000502788256850083
 -0.001773895251822013
 0.001989963291227186
 0.00244252727417264
 -0.0004697000676117501
 -0.00221964941709617
 -0.0002403927270603816
 -0.01082572962687822
 -0.0005389870846696276
 -0.004610748584819843
 0.003394157774465614
 0.003359665204092087
 0.009515250251237433
 -0.0004221900559487506
 0.006286184966966228
 -0.001629410049181272
 -3.844449968159897e-05
 -0.002905001021214969
 -0.005620233826112815
 -0.006861802978331315
 -0.002342082933840493
 -0.001175446413797751
 0.003693565600997085
 0.003036977338909981
 0.003394149378401187
 0.002444847769792368
 0.002469068483629261
 -0.0004256406564738403
 0.0004440354292884674
 -0.0009364841420848696
 -0.0001828033382834948
 -0.0002187152589782634
 0.0001428251265096613
 0.00205645376167385
 -0.0008822611729085222
 -0.003076705935653977
 2.191341639814224e-05
 -0.003901093031701447
 0.001377111560250539
 -0.002443762846133594
 0.001482360739752244
 0.001552748708043064
 0.002061406372320373
 -0.001760699634439466
 0.0001577831521301727
 0.000853813197494323
 0.00210320976680266
 0.0001226231961289476
 0.00130476930295779
 -0.00111580250632333
 0.0005201251905927328
 -0.0003749706217945915
 -0.0008110498699400382
 -0.001817301198616063
 0.0009340984171964442
 -0.001617592017141735
 -8.167190594496114e-05
 -0.0004663998944104168
 0.001276589140743054
 7.361942538728388e-05
 0.002644196947919763
 0.001752897741897167
 0.00190703965598156
 0.001158759959076452
 0.00225306244384445
 -0.002523804026850368
 -0.0006808044937640363
 -0.004481592620111178
 -0.0006757248629319407
 -0.002399934753821671
 0.0005596993099733016
 -0.001558859913261253
 0.002114372776645242
 -0.002146264888113081
 0.002005777843413996
 -0.0004229222479846951
 2.26703355222442e-05
 -0.00242093559282777
 0.0009024739431479671
 0.001767074815200447
 0.002544960652651308
 5.819247079676606e-05
 0.00278917461508415
 0.0006924734333613837
 0.001958494184910443
 -0.00163484233288305
 -0.0009806442876751872
 -0.002244895676981839
 0.0009160413395411768
 -0.001765898531603906
 0.00087566577958596
 -0.001315237234297642
 0.003497775283410482
 0.002076407192679596
 0.00588383454740354
 9.905603751721935e-05
 0.003195959259376688
 -7.621689075641838e-05
 -0.0002171170349789778
 -0.004561847505082138
 0.0005440685816680873
 -0.005834093529810699
 0.0003027876655035923
 -0.004979850570778425
 3.723313107614888e-05
 -0.0009249949617786444
 0.0003352733450374552
 -0.001552574452258793
 0.001802257232261785
 0.002565754795148751
 0.00202743834470118
 0.0008650698932257288
 0.004556199479791862
 0.0002178841274502627
 0.0008297160468231754
 -0.001525032379433579
 0.0007775141125507595
 0.0001383278456003908
 0.0008475642348318717
 -0.002555697056281783
 0.001375419622402898
 -0.001671791827586876
 0.001938745205203188
 -0.004111978631066557
 0.003223862235532377
 -0.001098846236579304
 0.002539083660703478
 -0.001299216950300806
 -6.379991426545687e-05
 0.001317172021095289
 0.001464728906279949
 0.0002827438129650455
 -0.0007331732955967455
 0.0009156134872485265
 0.0004874102796387594
 -0.000685285265351109
 -0.0006317086313359971
 -0.002708200795235802
 -0.001048188092035241
 0.000519797453820671
 0.001349296855520001
 -0.0008304322914890826
 -0.0006464661735521482
 -0.0002397120730722761
 -0.0006250776110439523
 -0.001669155451495122
 0.00130161479942589
 0.0001358764407009688
 0.001593798669426074
 -0.0002129594283830044
 0.001526429964236282
 -0.001716455022300009
 0.0002025809976831179
 -0.001356894404452252
 0.002393232785032101
 -0.002850257549451958
 -0.0005186620535749619
 0.001215268676758649
 -0.0003284523652733546
 -0.00186827149612572
 0.001458572413626773
 -0.001542504496252203
 0.00262691422193862
 0.001682121487031554
 -0.0015674251512951
 0.0004437961195507322
 -0.001533836174050501
 -0.001170564879110601
 -0.0007024525041613614
 -0.001502493858631508
 -0.0009364048004498136
 -0.0008895915849360911
 -0.001399485158983087
 -0.00153400207885303
 0.0005999359317025211
 -0.002099602084000633
 0.003990928620044636
 0.0006932733954925766
 -0.0001123390439638749
 0.0008877224749810213
 0.002469217994373087
 0.0003563194961255532
 0.0001595216263248427
 -0.005459585150431033
 0.002538467224461756
 0.0005721540815723494
 -1.740889988431598e-05
 -0.0007172371649304075
 0.0001726019444291123
 -3.26854823251487e-05
 0.000855725389542609
 -0.0007759894999826188
 0.0001982951562473055
 0.001551023974878583
 0.001130867784151051
 -0.001190013706512878
 0.001946398246139521
 0.002217227325790063
 0.002329247178845999
 -0.00349142051937412
 -0.0005648486793521219
 -0.0001887435964808902
 0.0009193009749057352
 0.001054014770657614
 -0.001028569773150255
 -0.004271470076198348
 0.00100623219009645
 0.001099573968430135
