# Created by Octave 4.0.0, Mon Apr 30 12:08:31 2018 CDT <leasanspy@leasanspy-Inspiron-5521>
# name: S_e22
# type: matrix
# rows: 800
# columns: 1
 0.01965370908580066
 -0.02904079602095831
 0.03722798237585455
 -0.06795187364598429
 0.2237885375017505
 0.1330130039043047
 -0.305689553441281
 0.1422987397098091
 -0.2814928007470168
 -0.01578858378125605
 -0.02013933885505753
 -0.05553965030077252
 0.2048788851120069
 -0.2024248729038586
 0.01073269988760505
 0.02308599575030041
 -0.08463198009413651
 0.009902685044137235
 0.2670961205019528
 0.278903013445185
 0.09604356301900528
 0.1474251894040252
 -0.1143417114279226
 -0.07066048781664372
 -0.2388878286704717
 -0.1046417579891073
 -0.08423149442367525
 0.07389261734954322
 -0.04304541749635499
 -0.02865005858526373
 0.01903410273390261
 0.04415655218814216
 -0.0002588006110087332
 -0.0527175747108578
 0.07597706848184618
 -0.08191419455223758
 0.072020424597358
 0.0452274868892811
 0.02804292086564159
 -0.08097620062311618
 0.103608887796475
 0.03093859246643649
 -0.1082946491446654
 -0.03191351026919321
 -0.02262016294177746
 -0.0980321421661858
 -0.04056205497860713
 0.01002215031679311
 -0.01842878399746485
 0.1232488088214476
 0.03395884390570268
 0.08087656455119957
 0.04233576718640199
 0.08558814822400028
 0.03259295043186942
 -0.008093380694066492
 -0.04583231165635127
 -0.09426802759194845
 -0.09447440114570028
 -0.04613114689209448
 -0.07860770695387898
 0.02072416025590364
 0.1259462241988198
 0.04134476681518284
 0.06422258082124482
 0.005504398964291815
 0.01411235184953603
 -0.0296206462952894
 -0.0567861204463359
 -0.02508233044373928
 0.06715011243910785
 -0.02690903858581986
 0.02448162207214901
 -0.04791079703874653
 -0.03589385991428247
 -0.02077486456799229
 -0.03790793227773721
 0.00677475460038139
 -0.005317492426342513
 0.03388747942496867
 0.01467441355476281
 0.03305381212334956
 0.0003481487209781669
 0.02660074595179761
 -0.006050502052065568
 -0.00459605570514298
 0.001646668323449634
 0.004818794130333172
 -0.004444089213364416
 -0.006369277404417187
 -0.006567457586947581
 -0.01748897971293709
 -0.003581044985865601
 -0.01320518074323931
 -0.004493150683980608
 -0.01075048970070979
 0.02881668878236594
 0.004812306757885059
 0.02315004951570955
 0.0483744274892469
 -0.01604284637674669
 0.01275787488617285
 -0.01072636295122245
 -0.02637194964319109
 -0.003824725684288273
 -0.01537787330071106
 -0.003395581863445615
 0.005881284334163283
 -0.03072990554149308
 0.02708803111816594
 -0.01282797860196633
 0.02339972479003706
 0.007105624249380741
 0.006978217797373735
 0.006518708531827006
 -0.005492246611763076
 -0.01176010198183545
 -0.008153701724383519
 -0.01921546210765779
 -0.001067429891277711
 0.008416700117132575
 -0.007541545159461776
 0.02347796449637059
 0.007563393351221618
 0.005320448777522358
 0.001168048297097536
 -0.01366680309759275
 0.001103297452999552
 -0.007805177138001481
 -0.002558600044621853
 -0.004222759052513071
 0.004087867412381585
 0.009848356409581843
 0.001992925457445447
 0.002619948031262375
 0.001561652984827438
 -0.004867320679373449
 -0.001800949115937985
 -0.006198208173624814
 0.000583539518832595
 -0.002863130615302146
 0.01505437253299042
 0.00417930320809108
 0.008749092836317156
 0.004753515300425483
 0.003212273036594688
 -0.001083338878054644
 -0.00366308570506528
 -0.004650099186532928
 -0.007020365362183664
 -0.01124788675806203
 -0.002391127448394221
 -0.003058542533695314
 0.00244880831247545
 0.008289479180984223
 2.680402788581133e-05
 0.01134211417611043
 -0.0005829379984522531
 0.006473112662280813
 0.001339952500809914
 -0.00352409931783498
 -0.003537951638441035
 -0.0005950851592616041
 -0.006573396666724486
 -0.006159167436949366
 0.003153059215250897
 -0.004285244074164074
 0.003495614872535629
 -0.001969584721907553
 0.009999861252051588
 0.0017870087796727
 0.005842992061124715
 0.0001665775169485134
 0.0009647571906472043
 -0.004278683523551115
 0.0038217002165586
 -0.003573100999080817
 0.0007652357263321823
 0.0007719634157169542
 -0.001270309613765427
 0.001970946017118969
 -0.004302239759140065
 -0.001510105387372977
 -0.005315227538022763
 -0.000576627993029999
 -0.004099811187481679
 -7.472209835348144e-05
 0.004386749784238491
 0.007874011126266477
 0.002884132614602896
 0.008894269545282368
 0.002009426762166368
 0.001520659208525582
 -0.0003623704919281819
 -0.004367695320960225
 -0.005023701493737977
 -0.00762995217786951
 0.0007188784464612493
 -0.004975663079284427
 0.001474221999479878
 -0.001418865060118931
 0.01185389493650005
 -0.0004404209148478357
 0.008147291306603438
 0.0005857513960770705
 0.00096981514269595
 -0.0001003715750951222
 -0.00391083590360949
 -0.001399767872191864
 -0.002985862244300181
 -0.004119153037186201
 0.003822623138742951
 0.002980389013156896
 -0.006506302953921295
 0.002109721958675025
 -0.004893912101166755
 0.0004702107362614454
 -0.00280286464724917
 0.000987257238730157
 0.00612397138627449
 -0.004284379135711997
 0.003564946424266786
 -0.005932381720966566
 0.002311810762664851
 -0.002752243326257691
 0.001219510522298413
 -0.0002994248711810986
 0.007557769348804135
 -0.002443000667439231
 -0.001028400205737207
 0.002917803104207102
 0.002259204212733692
 -0.001734067501060024
 0.002586324742223823
 0.002389231979452376
 -0.00077419927199816
 -0.0007456869543206885
 0.001711733870751884
 0.001725665248939432
 -0.002335179340394566
 0.001856528924697468
 -0.003217158143572656
 -0.0002018712150583546
 -0.0008932604932805332
 -0.001585824031344428
 0.003775654886684836
 -0.003226338394551909
 -0.002102735748022336
 0.0001004083556704312
 0.005171909131153479
 0.0005052367561073985
 0.001317349771935224
 0.001173922104478882
 -0.001114347523872485
 -0.005378801811320324
 -0.003623963259574507
 0.001796033469150036
 -0.001718125155428091
 0.001551733615532736
 -0.0008240325740048063
 0.005002952447732828
 0.002940652709586202
 0.0004068648792416418
 0.004449736426517095
 0.0005598763431789343
 -0.002819954020773798
 -0.003449560586917308
 0.004154443667449033
 -0.003567114982807292
 -0.003809074842458113
 0.00017038556432286
 0.003955960261542235
 -0.0007981978562740782
 0.001003765652385554
 0.002858710662941521
 -0.0007977162167169681
 0.001182125710939561
 0.0003361284030865338
 0.002948472346928472
 0.003658945361075656
 -0.002532804563922296
 -0.0004753147315741937
 -0.001171889995777885
 0.001124397064974085
 -0.005311432025737867
 -0.001994643436517379
 -0.0002109354910174878
 0.003101141219907087
 -0.003133371385701783
 0.00348351537430143
 0.0007411009149885545
 -0.00167688848410385
 -0.0008775104019083008
 3.721039535995942e-05
 0.002165078688294844
 -0.002595714239376389
 0.003040507053893275
 -0.0001506368705028189
 -0.001567796221812748
 0.0003744248262765045
 0.00185080144318446
 -0.002049971822484287
 -0.003873456544682154
 0.00171439730772158
 -0.006662822298189348
 -0.001601497630125934
 0.0001059921993356374
 0.004570414673789713
 0.005402529125938031
 0.004901834483521723
 0.002984913876097147
 -0.001621480494022487
 -0.003756139073508527
 -0.006527575302090029
 -0.007260476462996449
 -0.004289497233090635
 0.0001120608287247804
 -0.0001875739290279139
 0.004822305152367121
 0.006076851213385879
 0.001123783993251906
 0.00277924045995188
 0.00417961669934089
 -0.002235770053512878
 -0.002349330359223988
 -0.002414191885396197
 -0.002662082276096722
 -0.00463642461535331
 -0.002210942352576193
 0.002391442776738415
 -0.0008216867825133826
 0.0005672017757057455
 -0.002910114893261955
 0.0009713847688329453
 -0.001685968395089259
 9.047655654540777e-05
 0.0003195179658091469
 0.002839425372110063
 0.003269122292375179
 0.003760263627912175
 0.0008080852444610452
 0.002608476787229324
 -0.003479481799747413
 -0.005011454907887325
 -0.00160658647324368
 0.00195293780207748
 0.0006141482926524186
 -0.000413120588759192
 0.00238264345975624
 -0.000541581510983151
 0.002108576785416964
 0.0006699549032085729
 0.002419412433698668
 0.002326433448681233
