R=[1 -2;0.4 0.05]
u1=R(:,1);
u2=R(:,2);


