# Created by Octave 4.0.0, Tue Sep 12 00:03:07 2017 CDT <leasanspy@leasanspy-Inspiron-5521>
# name: C
# type: matrix
# rows: 2
# columns: 2
 0.75 0.75
 0.75 0.91


# name: ans
# type: scalar
2.718281828459045


# name: constant
# type: scalar
0.4594407461848272


# name: dC
# type: scalar
0.1199999999999998


# name: iC
# type: matrix
# rows: 2
# columns: 2
 7.583333333333347 -6.250000000000012
 -6.250000000000012 6.250000000000012


# name: m1
# type: scalar
0.5


# name: m2
# type: scalar
0.3


# name: mx
# type: matrix
# rows: 2
# columns: 1
 0.5
 0.3


# name: tx
# type: matrix
# rows: 1
# columns: 41
 -8 -7.6 -7.2 -6.8 -6.4 -6 -5.6 -5.199999999999999 -4.8 -4.4 -4 -3.6 -3.199999999999999 -2.8 -2.399999999999999 -2 -1.6 -1.199999999999999 -0.7999999999999998 -0.3999999999999995 0 0.4000000000000004 0.8000000000000007 1.200000000000001 1.600000000000001 2 2.4 2.800000000000001 3.200000000000001 3.600000000000001 4 4.4 4.800000000000001 5.200000000000001 5.600000000000001 6 6.4 6.800000000000001 7.200000000000001 7.600000000000001 8


# name: ty
# type: matrix
# rows: 1
# columns: 41
 -8 -7.6 -7.2 -6.8 -6.4 -6 -5.6 -5.199999999999999 -4.8 -4.4 -4 -3.6 -3.199999999999999 -2.8 -2.399999999999999 -2 -1.6 -1.199999999999999 -0.7999999999999998 -0.3999999999999995 0 0.4000000000000004 0.8000000000000007 1.200000000000001 1.600000000000001 2 2.4 2.800000000000001 3.200000000000001 3.600000000000001 4 4.4 4.800000000000001 5.200000000000001 5.600000000000001 6 6.4 6.800000000000001 7.200000000000001 7.600000000000001 8


